 -0.44000000000000000     
 -0.56000000000000005     
 -0.35999999999999999     
 -0.47999999999999998     
 -0.40000000000000002     
  -8.0000000000000002E-002
 -0.47999999999999998     
 -0.59999999999999998     
 -0.80000000000000004     
 -0.59999999999999998     
 -0.68000000000000005     
 -0.88000000000000000     
 -0.95999999999999996     
 -0.52000000000000002     
 -0.35999999999999999     
 -0.68000000000000005     
 -0.47999999999999998     
 -0.47999999999999998     
 -0.59999999999999998     
 -0.71999999999999997     
 -0.88000000000000000     
 -0.88000000000000000     
 -0.59999999999999998     
 -0.56000000000000005     
 -0.56000000000000005     
 -0.40000000000000002     
 -0.88000000000000000     
 -0.59999999999999998     
 -0.52000000000000002     
 -0.64000000000000001     
 -0.56000000000000005     
 -0.83999999999999997     
 -0.68000000000000005     
 -0.71999999999999997     
 -0.32000000000000001     
 -0.52000000000000002     
 -0.71999999999999997     
 -0.47999999999999998     
 -0.28000000000000003     
 -0.40000000000000002     
 -0.20000000000000001     
 -0.44000000000000000     
 -0.44000000000000000     
 -0.32000000000000001     
 -0.32000000000000001     
 -0.47999999999999998     
 -0.32000000000000001     
 -0.56000000000000005     
 -0.95999999999999996     
 -0.83999999999999997     
 -0.76000000000000001     
 -0.59999999999999998     
 -0.47999999999999998     
 -0.40000000000000002     
 -0.52000000000000002     
 -0.56000000000000005     
 -0.76000000000000001     
 -0.80000000000000004     
 -0.92000000000000004     
 -0.64000000000000001     
 -0.64000000000000001     
 -0.47999999999999998     
 -0.68000000000000005     
 -0.59999999999999998     
 -0.56000000000000005     
 -0.40000000000000002     
 -0.88000000000000000     
 -0.68000000000000005     
 -0.64000000000000001     
 -0.71999999999999997     
 -0.95999999999999996     
 -0.71999999999999997     
 -0.88000000000000000     
 -0.59999999999999998     
 -0.59999999999999998     
 -0.92000000000000004     
 -0.47999999999999998     
 -0.35999999999999999     
 -0.68000000000000005     
 -0.59999999999999998     
 -0.64000000000000001     
 -0.52000000000000002     
 -0.56000000000000005     
 -0.59999999999999998     
 -0.56000000000000005     
 -0.40000000000000002     
 -0.47999999999999998     
 -0.71999999999999997     
 -0.76000000000000001     
 -0.32000000000000001     
 -0.52000000000000002     
 -0.76000000000000001     
 -0.71999999999999997     
 -0.44000000000000000     
 -0.35999999999999999     
 -0.52000000000000002     
 -0.59999999999999998     
 -0.32000000000000001     
 -0.59999999999999998     
 -0.56000000000000005     
 -0.40000000000000002     
 -0.40000000000000002     
 -0.32000000000000001     
 -0.35999999999999999     
 -0.32000000000000001     
 -0.47999999999999998     
 -0.59999999999999998     
 -0.40000000000000002     
 -0.47999999999999998     
 -0.56000000000000005     
 -0.40000000000000002     
 -0.52000000000000002     
 -0.35999999999999999     
 -0.56000000000000005     
 -0.59999999999999998     
 -0.56000000000000005     
 -0.23999999999999999     
 -0.56000000000000005     
 -0.44000000000000000     
 -0.40000000000000002     
 -0.64000000000000001     
 -0.47999999999999998     
 -0.76000000000000001     
 -0.59999999999999998     
 -0.64000000000000001     
 -0.59999999999999998     
 -0.68000000000000005     
 -0.56000000000000005     
 -0.56000000000000005     
 -0.40000000000000002     
 -0.47999999999999998     
 -0.56000000000000005     
 -0.44000000000000000     
 -0.52000000000000002     
 -0.40000000000000002     
 -0.20000000000000001     
 -0.40000000000000002     
 -0.40000000000000002     
 -0.80000000000000004     
 -0.35999999999999999     
 -0.52000000000000002     
 -0.52000000000000002     
 -0.64000000000000001     
 -0.20000000000000001     
 -0.59999999999999998     
 -0.59999999999999998     
 -0.80000000000000004     
 -0.52000000000000002     
 -0.40000000000000002     
 -0.64000000000000001     
 -0.76000000000000001     
 -0.71999999999999997     
 -0.35999999999999999     
 -0.35999999999999999     
 -0.32000000000000001     
 -0.23999999999999999     
 -0.47999999999999998     
 -0.52000000000000002     
 -0.56000000000000005     
 -0.68000000000000005     
 -0.71999999999999997     
 -0.47999999999999998     
 -0.88000000000000000     
 -0.64000000000000001     
 -0.40000000000000002     
 -0.47999999999999998     
 -0.56000000000000005     
 -0.56000000000000005     
 -0.52000000000000002     
 -0.71999999999999997     
 -0.35999999999999999     
 -0.52000000000000002     
 -0.52000000000000002     
 -0.44000000000000000     
 -0.35999999999999999     
 -0.44000000000000000     
 -0.80000000000000004     
 -0.35999999999999999     
 -0.59999999999999998     
 -0.44000000000000000     
 -0.71999999999999997     
 -0.71999999999999997     
 -0.40000000000000002     
 -0.56000000000000005     
 -0.35999999999999999     
 -0.44000000000000000     
 -0.44000000000000000     
 -0.52000000000000002     
 -0.71999999999999997     
 -0.71999999999999997     
 -0.56000000000000005     
 -0.71999999999999997     
 -0.80000000000000004     
 -0.71999999999999997     
 -0.68000000000000005     
 -0.52000000000000002     
 -0.47999999999999998     
 -0.23999999999999999     
 -0.76000000000000001     
 -0.40000000000000002     
 -0.44000000000000000     
 -0.83999999999999997     
 -0.52000000000000002     
 -0.71999999999999997     
 -0.64000000000000001     
 -0.64000000000000001     
 -0.44000000000000000     
 -0.64000000000000001     
 -0.71999999999999997     
 -0.47999999999999998     
 -0.20000000000000001     
 -0.23999999999999999     
 -0.28000000000000003     
 -0.71999999999999997     
 -0.88000000000000000     
 -0.68000000000000005     
 -0.56000000000000005     
 -0.52000000000000002     
 -0.88000000000000000     
 -0.52000000000000002     
 -0.76000000000000001     
 -0.71999999999999997     
 -0.76000000000000001     
 -0.32000000000000001     
 -0.59999999999999998     
 -0.56000000000000005     
 -0.95999999999999996     
 -0.80000000000000004     
 -0.68000000000000005     
 -0.52000000000000002     
 -0.76000000000000001     
 -0.64000000000000001     
 -0.56000000000000005     
 -0.52000000000000002     
 -0.64000000000000001     
 -0.52000000000000002     
 -0.52000000000000002     
 -0.56000000000000005     
 -0.52000000000000002     
 -0.64000000000000001     
 -0.83999999999999997     
 -0.23999999999999999     
 -0.56000000000000005     
 -0.56000000000000005     
 -0.40000000000000002     
 -0.47999999999999998     
 -0.32000000000000001     
 -0.64000000000000001     
 -0.56000000000000005     
 -0.47999999999999998     
 -0.68000000000000005     
 -0.35999999999999999     
 -0.35999999999999999     
 -0.52000000000000002     
 -0.47999999999999998     
 -0.56000000000000005     
 -0.80000000000000004     
 -0.40000000000000002     
 -0.23999999999999999     
 -0.64000000000000001     
 -0.64000000000000001     
 -0.68000000000000005     
 -0.56000000000000005     
 -0.35999999999999999     
 -0.59999999999999998     
 -0.64000000000000001     
 -0.35999999999999999     
 -0.76000000000000001     
 -0.68000000000000005     
 -0.83999999999999997     
 -0.64000000000000001     
 -0.52000000000000002     
 -0.44000000000000000     
 -0.32000000000000001     
 -0.64000000000000001     
 -0.59999999999999998     
 -0.44000000000000000     
 -0.44000000000000000     
 -0.71999999999999997     
 -0.59999999999999998     
 -0.47999999999999998     
 -0.47999999999999998     
 -0.52000000000000002     
 -0.52000000000000002     
 -0.52000000000000002     
 -0.83999999999999997     
 -0.64000000000000001     
 -0.76000000000000001     
 -0.56000000000000005     
 -0.76000000000000001     
 -0.59999999999999998     
 -0.47999999999999998     
 -0.64000000000000001     
 -0.56000000000000005     
 -0.52000000000000002     
 -0.56000000000000005     
 -0.28000000000000003     
 -0.71999999999999997     
 -0.52000000000000002     
 -0.52000000000000002     
 -0.80000000000000004     
 -0.52000000000000002     
 -0.52000000000000002     
 -0.47999999999999998     
 -0.32000000000000001     
 -0.35999999999999999     
 -0.68000000000000005     
 -0.68000000000000005     
 -0.56000000000000005     
 -0.40000000000000002     
 -0.47999999999999998     
 -0.52000000000000002     
 -0.80000000000000004     
 -0.76000000000000001     
 -0.47999999999999998     
 -0.56000000000000005     
 -0.56000000000000005     
 -0.76000000000000001     
 -0.59999999999999998     
 -0.64000000000000001     
 -0.76000000000000001     
 -0.47999999999999998     
 -0.56000000000000005     
 -0.64000000000000001     
 -0.80000000000000004     
 -0.56000000000000005     
 -0.64000000000000001     
 -0.64000000000000001     
 -0.68000000000000005     
 -0.64000000000000001     
 -0.71999999999999997     
 -0.52000000000000002     
 -0.35999999999999999     
 -0.52000000000000002     
 -0.68000000000000005     
 -0.88000000000000000     
 -0.76000000000000001     
 -0.52000000000000002     
 -0.64000000000000001     
  -1.0800000000000001     
 -0.40000000000000002     
 -0.35999999999999999     
 -0.59999999999999998     
 -0.76000000000000001     
 -0.88000000000000000     
 -0.71999999999999997     
 -0.47999999999999998     
 -0.76000000000000001     
 -0.80000000000000004     
 -0.28000000000000003     
 -0.40000000000000002     
 -0.64000000000000001     
 -0.64000000000000001     
 -0.56000000000000005     
 -0.68000000000000005     
 -0.47999999999999998     
 -0.52000000000000002     
 -0.64000000000000001     
 -0.76000000000000001     
 -0.83999999999999997     
 -0.64000000000000001     
 -0.71999999999999997     
 -0.59999999999999998     
 -0.76000000000000001     
 -0.64000000000000001     
 -0.40000000000000002     
 -0.80000000000000004     
 -0.59999999999999998     
 -0.52000000000000002     
 -0.23999999999999999     
 -0.59999999999999998     
 -0.52000000000000002     
 -0.68000000000000005     
 -0.92000000000000004     
  -1.0400000000000000     
  -1.0000000000000000     
 -0.59999999999999998     
 -0.68000000000000005     
 -0.52000000000000002     
 -0.35999999999999999     
 -0.68000000000000005     
 -0.23999999999999999     
 -0.76000000000000001     
 -0.56000000000000005     
 -0.71999999999999997     
 -0.59999999999999998     
 -0.44000000000000000     
 -0.64000000000000001     
 -0.56000000000000005     
 -0.56000000000000005     
 -0.64000000000000001     
 -0.56000000000000005     
 -0.59999999999999998     
 -0.47999999999999998     
 -0.52000000000000002     
 -0.44000000000000000     
 -0.52000000000000002     
 -0.80000000000000004     
 -0.68000000000000005     
 -0.68000000000000005     
 -0.76000000000000001     
 -0.68000000000000005     
 -0.68000000000000005     
 -0.52000000000000002     
 -0.71999999999999997     
  -1.0400000000000000     
 -0.44000000000000000     
 -0.76000000000000001     
 -0.56000000000000005     
 -0.44000000000000000     
 -0.64000000000000001     
 -0.44000000000000000     
 -0.56000000000000005     
 -0.56000000000000005     
 -0.59999999999999998     
 -0.40000000000000002     
 -0.35999999999999999     
 -0.52000000000000002     
 -0.52000000000000002     
 -0.88000000000000000     
 -0.52000000000000002     
 -0.64000000000000001     
 -0.47999999999999998     
 -0.35999999999999999     
 -0.47999999999999998     
 -0.59999999999999998     
 -0.47999999999999998     
 -0.71999999999999997     
 -0.32000000000000001     
 -0.71999999999999997     
 -0.35999999999999999     
 -0.64000000000000001     
 -0.44000000000000000     
 -0.12000000000000000     
 -0.64000000000000001     
 -0.59999999999999998     
 -0.47999999999999998     
 -0.52000000000000002     
 -0.92000000000000004     
 -0.47999999999999998     
 -0.52000000000000002     
 -0.40000000000000002     
 -0.44000000000000000     
 -0.52000000000000002     
 -0.64000000000000001     
 -0.52000000000000002     
 -0.32000000000000001     
 -0.56000000000000005     
 -0.47999999999999998     
 -0.28000000000000003     
 -0.68000000000000005     
 -0.32000000000000001     
 -0.40000000000000002     
 -0.76000000000000001     
 -0.56000000000000005     
  -1.1200000000000001     
 -0.80000000000000004     
 -0.35999999999999999     
 -0.44000000000000000     
 -0.52000000000000002     
 -0.47999999999999998     
 -0.40000000000000002     
 -0.64000000000000001     
 -0.47999999999999998     
 -0.44000000000000000     
 -0.52000000000000002     
 -0.56000000000000005     
 -0.44000000000000000     
 -0.95999999999999996     
 -0.56000000000000005     
 -0.32000000000000001     
 -0.80000000000000004     
 -0.59999999999999998     
 -0.56000000000000005     
 -0.71999999999999997     
 -0.47999999999999998     
 -0.64000000000000001     
 -0.68000000000000005     
 -0.35999999999999999     
 -0.40000000000000002     
 -0.47999999999999998     
 -0.56000000000000005     
 -0.47999999999999998     
 -0.59999999999999998     
 -0.56000000000000005     
 -0.47999999999999998     
 -0.92000000000000004     
 -0.83999999999999997     
 -0.52000000000000002     
 -0.20000000000000001     
 -0.44000000000000000     
 -0.35999999999999999     
 -0.68000000000000005     
 -0.76000000000000001     
 -0.44000000000000000     
 -0.44000000000000000     
 -0.47999999999999998     
 -0.76000000000000001     
 -0.56000000000000005     
 -0.76000000000000001     
 -0.59999999999999998     
 -0.52000000000000002     
 -0.76000000000000001     
 -0.32000000000000001     
 -0.64000000000000001     
 -0.92000000000000004     
 -0.64000000000000001     
 -0.68000000000000005     
 -0.80000000000000004     
 -0.40000000000000002     
 -0.44000000000000000     
 -0.47999999999999998     
 -0.35999999999999999     
 -0.64000000000000001     
 -0.47999999999999998     
 -0.68000000000000005     
 -0.80000000000000004     
 -0.83999999999999997     
 -0.40000000000000002     
 -0.59999999999999998     
 -0.64000000000000001     
 -0.59999999999999998     
 -0.64000000000000001     
 -0.80000000000000004     
 -0.76000000000000001     
 -0.40000000000000002     
 -0.44000000000000000     
 -0.56000000000000005     
 -0.64000000000000001     
 -0.59999999999999998     
 -0.64000000000000001     
 -0.59999999999999998     
 -0.40000000000000002     
 -0.64000000000000001     
 -0.76000000000000001     
 -0.83999999999999997     
 -0.59999999999999998     
 -0.59999999999999998     
 -0.59999999999999998     
 -0.68000000000000005     
 -0.80000000000000004     
 -0.64000000000000001     
 -0.32000000000000001     
 -0.71999999999999997     
 -0.68000000000000005     
 -0.59999999999999998     
 -0.71999999999999997     
 -0.71999999999999997     
 -0.52000000000000002     
 -0.59999999999999998     
 -0.68000000000000005     
 -0.88000000000000000     
  -1.0000000000000000     
 -0.71999999999999997     
 -0.64000000000000001     
 -0.71999999999999997     
 -0.71999999999999997     
 -0.52000000000000002     
 -0.71999999999999997     
 -0.59999999999999998     
 -0.56000000000000005     
 -0.59999999999999998     
 -0.59999999999999998     
 -0.76000000000000001     
  -1.0000000000000000     
 -0.71999999999999997     
 -0.68000000000000005     
 -0.47999999999999998     
 -0.40000000000000002     
 -0.56000000000000005     
 -0.59999999999999998     
 -0.68000000000000005     
 -0.59999999999999998     
 -0.64000000000000001     
 -0.35999999999999999     
 -0.47999999999999998     
 -0.59999999999999998     
 -0.80000000000000004     
 -0.92000000000000004     
 -0.59999999999999998     
 -0.80000000000000004     
 -0.56000000000000005     
 -0.68000000000000005     
 -0.83999999999999997     
 -0.47999999999999998     
 -0.32000000000000001     
 -0.52000000000000002     
 -0.56000000000000005     
 -0.59999999999999998     
 -0.40000000000000002     
 -0.52000000000000002     
 -0.68000000000000005     
 -0.80000000000000004     
 -0.68000000000000005     
 -0.68000000000000005     
 -0.40000000000000002     
 -0.32000000000000001     
 -0.40000000000000002     
 -0.52000000000000002     
 -0.52000000000000002     
 -0.47999999999999998     
 -0.64000000000000001     
 -0.68000000000000005     
 -0.59999999999999998     
 -0.71999999999999997     
 -0.52000000000000002     
 -0.44000000000000000     
 -0.56000000000000005     
 -0.35999999999999999     
 -0.52000000000000002     
 -0.35999999999999999     
 -0.56000000000000005     
 -0.47999999999999998     
 -0.28000000000000003     
 -0.59999999999999998     
 -0.64000000000000001     
 -0.88000000000000000     
 -0.32000000000000001     
 -0.68000000000000005     
 -0.40000000000000002     
 -0.56000000000000005     
 -0.44000000000000000     
 -0.23999999999999999     
 -0.80000000000000004     
 -0.44000000000000000     
 -0.59999999999999998     
 -0.32000000000000001     
 -0.64000000000000001     
 -0.52000000000000002     
 -0.64000000000000001     
 -0.71999999999999997     
  -1.0000000000000000     
 -0.64000000000000001     
 -0.59999999999999998     
 -0.59999999999999998     
 -0.64000000000000001     
 -0.68000000000000005     
 -0.59999999999999998     
 -0.76000000000000001     
 -0.83999999999999997     
 -0.52000000000000002     
 -0.44000000000000000     
 -0.47999999999999998     
 -0.59999999999999998     
 -0.64000000000000001     
 -0.56000000000000005     
 -0.76000000000000001     
 -0.80000000000000004     
 -0.71999999999999997     
 -0.28000000000000003     
 -0.68000000000000005     
 -0.59999999999999998     
 -0.76000000000000001     
 -0.47999999999999998     
 -0.47999999999999998     
 -0.64000000000000001     
 -0.64000000000000001     
 -0.35999999999999999     
 -0.68000000000000005     
 -0.68000000000000005     
 -0.20000000000000001     
 -0.64000000000000001     
 -0.59999999999999998     
 -0.52000000000000002     
 -0.47999999999999998     
 -0.64000000000000001     
 -0.88000000000000000     
 -0.59999999999999998     
 -0.80000000000000004     
 -0.64000000000000001     
 -0.59999999999999998     
 -0.64000000000000001     
 -0.64000000000000001     
 -0.59999999999999998     
 -0.52000000000000002     
 -0.52000000000000002     
 -0.59999999999999998     
 -0.44000000000000000     
 -0.35999999999999999     
 -0.59999999999999998     
 -0.56000000000000005     
 -0.56000000000000005     
 -0.68000000000000005     
 -0.59999999999999998     
 -0.71999999999999997     
 -0.76000000000000001     
 -0.68000000000000005     
 -0.35999999999999999     
 -0.40000000000000002     
 -0.32000000000000001     
 -0.80000000000000004     
 -0.56000000000000005     
 -0.56000000000000005     
 -0.35999999999999999     
 -0.83999999999999997     
 -0.76000000000000001     
 -0.83999999999999997     
 -0.64000000000000001     
 -0.71999999999999997     
 -0.44000000000000000     
 -0.64000000000000001     
 -0.68000000000000005     
 -0.56000000000000005     
 -0.71999999999999997     
 -0.35999999999999999     
 -0.32000000000000001     
 -0.47999999999999998     
 -0.52000000000000002     
 -0.35999999999999999     
 -0.71999999999999997     
 -0.56000000000000005     
 -0.59999999999999998     
 -0.52000000000000002     
 -0.56000000000000005     
 -0.68000000000000005     
 -0.44000000000000000     
 -0.44000000000000000     
 -0.76000000000000001     
 -0.80000000000000004     
 -0.59999999999999998     
 -0.56000000000000005     
 -0.64000000000000001     
 -0.56000000000000005     
 -0.52000000000000002     
 -0.52000000000000002     
 -0.44000000000000000     
 -0.40000000000000002     
 -0.56000000000000005     
 -0.68000000000000005     
 -0.52000000000000002     
 -0.59999999999999998     
 -0.83999999999999997     
 -0.47999999999999998     
 -0.52000000000000002     
 -0.52000000000000002     
 -0.68000000000000005     
 -0.80000000000000004     
 -0.40000000000000002     
 -0.64000000000000001     
 -0.83999999999999997     
 -0.88000000000000000     
 -0.95999999999999996     
 -0.71999999999999997     
 -0.59999999999999998     
 -0.56000000000000005     
 -0.76000000000000001     
 -0.68000000000000005     
 -0.59999999999999998     
 -0.56000000000000005     
 -0.28000000000000003     
 -0.40000000000000002     
 -0.40000000000000002     
 -0.68000000000000005     
 -0.56000000000000005     
 -0.56000000000000005     
 -0.92000000000000004     
 -0.76000000000000001     
 -0.59999999999999998     
 -0.52000000000000002     
 -0.59999999999999998     
 -0.68000000000000005     
 -0.47999999999999998     
 -0.64000000000000001     
 -0.92000000000000004     
 -0.76000000000000001     
 -0.64000000000000001     
 -0.71999999999999997     
 -0.56000000000000005     
 -0.47999999999999998     
 -0.44000000000000000     
 -0.40000000000000002     
 -0.52000000000000002     
 -0.59999999999999998     
 -0.88000000000000000     
 -0.64000000000000001     
 -0.44000000000000000     
 -0.52000000000000002     
 -0.44000000000000000     
 -0.52000000000000002     
 -0.71999999999999997     
 -0.71999999999999997     
 -0.47999999999999998     
 -0.59999999999999998     
 -0.95999999999999996     
 -0.23999999999999999     
 -0.20000000000000001     
 -0.56000000000000005     
 -0.59999999999999998     
 -0.59999999999999998     
 -0.47999999999999998     
 -0.92000000000000004     
 -0.95999999999999996     
 -0.56000000000000005     
 -0.56000000000000005     
 -0.52000000000000002     
 -0.88000000000000000     
 -0.76000000000000001     
 -0.59999999999999998     
 -0.76000000000000001     
 -0.83999999999999997     
 -0.68000000000000005     
 -0.40000000000000002     
 -0.52000000000000002     
 -0.59999999999999998     
 -0.64000000000000001     
  -1.0000000000000000     
 -0.88000000000000000     
 -0.44000000000000000     
 -0.56000000000000005     
 -0.59999999999999998     
 -0.92000000000000004     
 -0.56000000000000005     
 -0.80000000000000004     
 -0.44000000000000000     
 -0.32000000000000001     
 -0.40000000000000002     
 -0.35999999999999999     
 -0.80000000000000004     
  -1.0000000000000000     
 -0.68000000000000005     
 -0.76000000000000001     
 -0.92000000000000004     
 -0.76000000000000001     
 -0.52000000000000002     
 -0.76000000000000001     
 -0.95999999999999996     
 -0.64000000000000001     
 -0.64000000000000001     
 -0.20000000000000001     
 -0.47999999999999998     
 -0.59999999999999998     
 -0.76000000000000001     
 -0.92000000000000004     
 -0.64000000000000001     
 -0.95999999999999996     
 -0.64000000000000001     
 -0.71999999999999997     
 -0.64000000000000001     
 -0.80000000000000004     
 -0.71999999999999997     
 -0.68000000000000005     
 -0.52000000000000002     
 -0.59999999999999998     
 -0.52000000000000002     
 -0.52000000000000002     
 -0.44000000000000000     
 -0.23999999999999999     
 -0.40000000000000002     
 -0.64000000000000001     
 -0.71999999999999997     
 -0.76000000000000001     
 -0.64000000000000001     
 -0.64000000000000001     
 -0.68000000000000005     
 -0.40000000000000002     
 -0.44000000000000000     
 -0.56000000000000005     
 -0.56000000000000005     
 -0.88000000000000000     
 -0.52000000000000002     
 -0.52000000000000002     
 -0.59999999999999998     
 -0.56000000000000005     
 -0.64000000000000001     
 -0.56000000000000005     
 -0.52000000000000002     
 -0.59999999999999998     
 -0.40000000000000002     
 -0.52000000000000002     
 -0.64000000000000001     
 -0.59999999999999998     
 -0.47999999999999998     
 -0.44000000000000000     
 -0.56000000000000005     
 -0.68000000000000005     
 -0.64000000000000001     
 -0.88000000000000000     
 -0.64000000000000001     
 -0.68000000000000005     
 -0.59999999999999998     
 -0.64000000000000001     
 -0.71999999999999997     
 -0.59999999999999998     
 -0.56000000000000005     
 -0.71999999999999997     
 -0.44000000000000000     
 -0.64000000000000001     
 -0.52000000000000002     
 -0.47999999999999998     
 -0.95999999999999996     
 -0.59999999999999998     
 -0.68000000000000005     
 -0.76000000000000001     
 -0.56000000000000005     
 -0.83999999999999997     
 -0.71999999999999997     
 -0.59999999999999998     
 -0.64000000000000001     
 -0.52000000000000002     
 -0.56000000000000005     
 -0.64000000000000001     
 -0.56000000000000005     
 -0.68000000000000005     
 -0.64000000000000001     
 -0.88000000000000000     
 -0.56000000000000005     
 -0.40000000000000002     
 -0.56000000000000005     
 -0.80000000000000004     
 -0.35999999999999999     
 -0.44000000000000000     
 -0.35999999999999999     
 -0.56000000000000005     
 -0.23999999999999999     
 -0.44000000000000000     
 -0.47999999999999998     
 -0.47999999999999998     
 -0.47999999999999998     
 -0.64000000000000001     
  -1.0400000000000000     
 -0.56000000000000005     
 -0.83999999999999997     
 -0.56000000000000005     
 -0.56000000000000005     
 -0.59999999999999998     
 -0.68000000000000005     
 -0.56000000000000005     
  -1.0000000000000000     
 -0.83999999999999997     
 -0.68000000000000005     
 -0.40000000000000002     
 -0.47999999999999998     
 -0.28000000000000003     
 -0.47999999999999998     
 -0.40000000000000002     
 -0.47999999999999998     
 -0.40000000000000002     
 -0.47999999999999998     
 -0.32000000000000001     
 -0.35999999999999999     
 -0.44000000000000000     
 -0.56000000000000005     
 -0.47999999999999998     
 -0.56000000000000005     
 -0.56000000000000005     
 -0.88000000000000000     
 -0.88000000000000000     
 -0.47999999999999998     
 -0.83999999999999997     
 -0.40000000000000002     
 -0.56000000000000005     
 -0.40000000000000002     
 -0.80000000000000004     
 -0.40000000000000002     
 -0.64000000000000001     
 -0.47999999999999998     
 -0.23999999999999999     
 -0.59999999999999998     
  -1.0000000000000000     
 -0.76000000000000001     
 -0.23999999999999999     
 -0.80000000000000004     
 -0.47999999999999998     
 -0.68000000000000005     
 -0.80000000000000004     
 -0.64000000000000001     
 -0.52000000000000002     
 -0.71999999999999997     
 -0.64000000000000001     
 -0.64000000000000001     
 -0.56000000000000005     
 -0.68000000000000005     
 -0.40000000000000002     
 -0.83999999999999997     
 -0.59999999999999998     
 -0.80000000000000004     
 -0.59999999999999998     
 -0.68000000000000005     
 -0.52000000000000002     
 -0.52000000000000002     
 -0.59999999999999998     
 -0.68000000000000005     
 -0.47999999999999998     
 -0.47999999999999998     
 -0.68000000000000005     
 -0.80000000000000004     
 -0.80000000000000004     
 -0.47999999999999998     
  -1.1200000000000001     
 -0.47999999999999998     
 -0.23999999999999999     
 -0.59999999999999998     
 -0.40000000000000002     
 -0.44000000000000000     
 -0.47999999999999998     
 -0.35999999999999999     
 -0.68000000000000005     
 -0.56000000000000005     
 -0.64000000000000001     
 -0.83999999999999997     
